 1.0122938051843302E308 -1.3338880951423151E308 8.030777875591234E307 -1.4055124767564066E308 1.5586223469015166E308 9.954090508014188E306 -6.181609308126714E307
 -1.5259249689494854E308 -1.1180886012051944E308 -4.409897306650135E307 5.397536019607133E307 -2.507098187828677E307 5.216254733719374E307 -2.1935142756620714E307
 -3.0305834509259004E307 -3.4773452543241555E307 -1.6931334233273386E308 -1.20269300152789E308 6.174750012049144E307 -1.2541007233520102E308 -9.908976926043467E307
 -9.557381944292925E307 2.287621521851346E307 1.0513049566501861E307 -1.1129605349011983E307 2.361040167985938E307 -5.577529577718886E306 -1.6584439424187213E308

 -1.6834026193014232E308 -5.824239903373903E307 -1.3361627781717994E308 -1.048435167560663E308 -7.223056525635638E307 -1.0581850328733325E307 9.115906027185391E307
 7.378855232016776E307 9.265243798993844E305 1.6644136037174446E308 -9.32180776773877E307 8.138396502566165E307 1.1893395294445402E307 1.318173903205845E308
 1.58953156717628E308 1.6787263881261618E308 -1.70910631340712E308 -2.410524299830225E307 -2.119615120474917E307 7.569548231185545E307 -8.349601687607027E307
 -3.383311368243774E306 1.0685373267142518E308 1.0379290519875385E308 -2.3241775785378054E307 6.164390009157695E307 -1.0206598951302334E308 7.842112859410949E307

 7.279015370546086E307 -1.2898418846485153E308 -4.4565126364759913E307 1.5068969596536964E308 -7.980782630430378E307 9.795084850036586E307 4.074795459698823E306
 -1.24438096935939E308 1.7603497645574506E308 1.2247998967804999E308 2.315704193764706E307 1.1195132406366689E308 1.2935982601486197E308 1.186193048895077E308
 -1.9138033521629707E307 -1.6695442393839104E308 5.408055551831925E307 -1.7537089288203292E307 1.5825493050875539E308 -9.882858879979702E307 -1.0205105464003467E308
 9.683059880509576E306 1.3835420301251433E308 3.5565196887860814E307 9.059367595246114E307 -1.7183700849776067E308 7.859647268879281E307 -9.047362056278152E307

 4.518498735919808E307 -2.6370040524706167E307 6.241329333572319E307 5.784971261075788E307 -2.9401994456727105E307 1.4234734952227123E308 7.671287809255435E307
 -1.3761031560144543E308 1.627701154903256E308 1.6945610865618133E308 -1.7117391515681316E308 9.246608150743239E306 1.325240203275294E308 -2.8150716838395233E307
 6.307255413990394E307 7.920411737834495E307 -1.4229540833418285E308 3.6616914649753215E307 6.336679842581559E307 -5.1507249781279964E306 1.347027305787664E307
 -7.415792414030726E307 -1.3379721710443725E308 1.2235059453551851E308 -6.682635780370114E307 1.1985314536652076E308 -4.0652874389848416E307 -8.428302852696108E307

 -6.527116810578077E307 -6.74734218326915E307 -8.370126409993585E307 -1.4896426409412876E307 -1.1335443130169366E308 1.3749662947915627E308 1.2256012777023113E308
 -1.5399211162662772E307 -1.4900488910958473E308 -1.6575452287131666E308 -2.5391405406434417E307 7.30837849967395E307 9.672778214897082E307 1.2073577974767408E308
 -4.541638321522728E307 7.910023716333623E306 -6.31442454423333E307 -1.3739911683889177E308 -2.9683262469239265E307 -1.4166954765865053E308 7.702672448367242E307
 1.5500491245335056E308 9.11127260826097E307 1.5554239175816626E308 -6.226417456374542E307 -6.262182378334563E307 1.220167364385886E308 -5.815463231834643E307

 1.5600549998613497E307 2.2460224349482428E307 8.056477535990945E307 1.5838514868144223E308 8.895119815497796E307 -1.0464337713041316E308 -1.2169058220338577E307
 -9.651298027532736E306 1.4965713767074354E307 1.9774109237736138E307 -5.196634997679258E307 1.522644016088375E308 9.831517931468343E306 1.642982603588905E308
 1.0657761649241912E308 1.5526384016547132E306 1.228804323255401E308 1.7433423668014542E307 1.0029166949231295E307 -3.261052284550255E306 1.2918868837040256E307
 -3.675871608376486E307 4.560873309013465E307 -3.929161719683869E307 8.868280662190375E307 1.240223981913355E308 -8.931089737436476E307 -3.545498533399552E306

 -1.273643423030019E307 2.9414126442029603E307 -1.1131107254143798E308 -1.448147705483729E308 -1.3958160474116001E308 -1.0635975086315873E308 2.5109259260455092E306
 -1.3096699718791373E308 -1.5090935679639858E308 1.068096951848461E308 7.72712111050478E306 5.729766705210427E306 9.956955647311645E307 1.7167195785945428E308
 -1.5045673763455475E308 2.855616063183672E307 1.3921440519181473E307 -8.1027175494817E307 -1.3606425975118763E308 -1.7057522161303995E308 1.0887126287741687E308
 -1.2201165463114635E308 5.986756055260048E307 7.16522307709169E307 -1.7663563863269944E308 1.6612831036541885E308 -4.2500074077383023E307 1.6123471728769115E307

 -6.157693092187793E307 5.279259907944315E306 -4.898903755654415E307 -2.1804516612206905E307 -3.9842615540586905E307 -1.4902968613235662E308 1.723933593369122E308
 6.185849923854434E307 8.906420231679256E307 -1.0894510723300664E308 6.380542141936636E307 1.499691431801568E308 1.6748391611439692E308 -9.058672729370798E306
 -3.047425989126947E307 -1.7397654195704656E308 -3.854238410164551E307 7.736496411484399E307 -2.4570264154674194E307 -1.6560619490984297E308 5.367462300463317E307
 -9.492004830903648E307 -8.088753919666639E307 -2.7435775760639737E307 3.16514391603578E307 1.2273662473442544E308 1.6038804713776695E308 5.487803997924935E307
